$ANSIBLE_VAULT;1.1;AES256
33666332636134646333646262346561663564663866616265336561313433393362643830653662
3666393239333237326432336663343664363362396534640a633333633930343262623263376634
35383930386434303165386530356133356632353031656565653432363463336365633037343865
3264326562373266620a363639656136613261623937616235643833643233623263356432373864
38323464353732653965373935336638616464656534323637313362323635343736393838376563
30616163666136633761346531633531396335303263356361383832306433313137316234366530
30373566326237616564623035323063376131313961313565396466336639653637383165343664
38333430663132346664623830323437623533343137306262313662316339653438396564643335
39336631393334616532356438363962396534666339363832326638323632326133353734333132
38383566663264323434636564313635346139396235396663393639643731366565373432333132
37383362373933383835366437626531343965396365613039336464383131303066323930373466
38363139663531373335316531343738303233393138313334663961623333396465616637323636
37326465653530366133626639383636626165383436643537353132376536373531303631356430
34326363646236323239396236376132643837366337323035383832656561313832646162393435
33633230303863623132353664386462306333633361643230353330663834633664663338633230
31393832363233613531633334343962346636373930336536336339646238356430663263623462
36343965323663383832306637643330613736656235336236613931633835316463646362303839
63363031633961633635373262376636353839393039633136386139626534653164663563353263
31616137626161353139376562633937616561663232643334633831333863653235346236373964
64633438383838613432353765613861616335376636633338386135306263623365393430323166
61373736343736383464313338383462313262306164616666653735366237636366373839623139
38353362623839316436393533346233376437643665663936373033356566303537366230653232
31633636613434393263363064306530656462316531346138326237313032336639363530333231
32653339623230373165643230333164323562313638383439363262396565396162656334636165
6338
